  -1.14648438       4.56809286E-41  -4.97671692E+28   1.99068677E+29  -9.95343384E+28  -4.58593750    
   0.00000000       0.00000000       0.00000000       0.00000000       0.00000000       0.00000000    
   16.0000000       33.5000000       4.50000000       183.000000      -87.0000000      -3.00000000    
   32.0000000       67.0000000       9.00000000       366.000000      -174.000000      -6.00000000    
   48.0000000       100.500000       13.5000000       549.000000      -261.000000      -9.00000000    
   64.0000000       134.000000       18.0000000       732.000000      -348.000000      -12.0000000    
   80.0000000       167.500000       22.5000000       915.000000      -435.000000      -15.0000000    
   96.0000000       201.000000       27.0000000       1098.00000      -522.000000      -18.0000000    
   112.000000       234.500000       31.5000000       1281.00000      -609.000000      -21.0000000    
   128.000000       268.000000       36.0000000       1464.00000      -696.000000      -24.0000000    
   144.000000       301.500000       40.5000000       1647.00000      -783.000000      -27.0000000    
   160.000000       335.000000       45.0000000       1830.00000      -870.000000      -30.0000000    
   176.000000       368.500000       49.5000000       2013.00000      -957.000000      -33.0000000    
   192.000000       402.000000       54.0000000       2196.00000      -1044.00000      -36.0000000    
   208.000000       435.500000       58.5000000       2379.00000      -1131.00000      -39.0000000    
   224.000000       469.000000       63.0000000       2562.00000      -1218.00000      -42.0000000    
   240.000000       502.500000       67.5000000       2745.00000      -1305.00000      -45.0000000    
   256.000000       536.000000       72.0000000       2928.00000      -1392.00000      -48.0000000    
   272.000000       569.500000       76.5000000       3111.00000      -1479.00000      -51.0000000    
   288.000000       603.000000       81.0000000       3294.00000      -1566.00000      -54.0000000    
   304.000000       636.500000       85.5000000       3477.00000      -1653.00000      -57.0000000    
   320.000000       670.000000       90.0000000       3660.00000      -1740.00000      -60.0000000    
   336.000000       703.500000       94.5000000       3843.00000      -1827.00000      -63.0000000    
   352.000000       737.000000       99.0000000       4026.00000      -1914.00000      -66.0000000    
   368.000000       770.500000       103.500000       4209.00000      -2001.00000      -69.0000000    
   384.000000       804.000000       108.000000       4392.00000      -2088.00000      -72.0000000    
   400.000000       837.500000       112.500000       4575.00000      -2175.00000      -75.0000000    
   416.000000       871.000000       117.000000       4758.00000      -2262.00000      -78.0000000    
   432.000000       904.500000       121.500000       4941.00000      -2349.00000      -81.0000000    
   448.000000       938.000000       126.000000       5124.00000      -2436.00000      -84.0000000    
   464.000000       971.500000       130.500000       5307.00000      -2523.00000      -87.0000000    
   480.000000       1005.00000       135.000000       5490.00000      -2610.00000      -90.0000000    
   496.000000       1038.50000       139.500000       5673.00000      -2697.00000      -93.0000000    
   512.000000       1072.00000       144.000000       5856.00000      -2784.00000      -96.0000000    
   528.000000       1105.50000       148.500000       6039.00000      -2871.00000      -99.0000000    
   544.000000       1139.00000       153.000000       6222.00000      -2958.00000      -102.000000    
   560.000000       1172.50000       157.500000       6405.00000      -3045.00000      -105.000000    
   576.000000       1206.00000       162.000000       6588.00000      -3132.00000      -108.000000    
   592.000000       1239.50000       166.500000       6771.00000      -3219.00000      -111.000000    
   608.000000       1273.00000       171.000000       6954.00000      -3306.00000      -114.000000    
   624.000000       1306.50000       175.500000       7137.00000      -3393.00000      -117.000000    
   640.000000       1340.00000       180.000000       7320.00000      -3480.00000      -120.000000    
   656.000000       1373.50000       184.500000       7503.00000      -3567.00000      -123.000000    
   672.000000       1407.00000       189.000000       7686.00000      -3654.00000      -126.000000    
   688.000000       1440.50000       193.500000       7869.00000      -3741.00000      -129.000000    
   704.000000       1474.00000       198.000000       8052.00000      -3828.00000      -132.000000    
   720.000000       1507.50000       202.500000       8235.00000      -3915.00000      -135.000000    
   736.000000       1541.00000       207.000000       8418.00000      -4002.00000      -138.000000    
   752.000000       1574.50000       211.500000       8601.00000      -4089.00000      -141.000000    
